floor.0.tileA|2|581,582,622,623
floor.0.tileB|2|670,671,717,718
floor.0.rough|2|786,787,818,819
slab.0|2|427,428,470,471,513,514
floor.1.tileA|2|583,584,624,625
floor.1.tileB|2|672,673,719,720
floor.1.rough|2|788,789,820,821
slab.1|2|429,430,472,473,515,516
floor.2.tileA|2|585,586,626,627
floor.2.tileB|2|674,675,721,722
floor.2.rough|2|790,791,822,823
slab.2|2|431,432,474,475,517,518
floor.3.tileA|2|587,588,628,629
floor.3.tileB|2|676,677,723,724
floor.3.rough|2|792,793,824,825
slab.3|2|433,434,476,477,519,520
floor.4.tileA|2|589,590,630,631
floor.4.tileB|2|678,679,725,726
floor.4.rough|2|794,795,826,827
slab.4|2|435,436,478,479,521,522
floor.5.tileA|2|591,592,632,633
floor.5.tileB|2|680,681,727,728
floor.5.rough|2|796,797,828,829
slab.5|2|437,438,480,481,523,524
ground.0|4|886,887,888,889,922,923,924,925,948,949,950,951,974,975,976,977
ground.1|4|890,891,892,893,926,927,928,929,952,953,954,955,978,979,980,981
ground.2|4|894,895,896,897,930,931,932,933,956,957,958,959,982,983,984,985
pit.square|6|545,546,547,548,549,550,575,576,577,578,579,580,615,616,617,618,619,620,656,657,658,659,660,661,664,665,666,667,668,669,711,712,713,714,715,716
pit.round|4|-1,816,817,-1,856,857,858,859,882,883,884,885,-1,920,921,-1
grate.large|6|390,391,392,393,394,395,419,420,421,422,423,424,462,463,464,465,466,467,505,506,507,508,509,510,539,540,541,542,543,544,569,570,571,572,573,574
grate.small|2|611,612,652,653
stairs|4|30,31,32,33,55,56,57,58,96,97,98,99,141,142,143,144,188,189,190,191,231,232,233,234
bars|4|43,44,45,46,78,79,80,81,121,122,123,124,168,169,170,171,218,219,220,221